gamma
   21.0781   14.4022
   14.4022   25.2023
Overlap
   1.0000   0.4535  -0.3516        0        0
   0.4535   1.0000        0        0        0
  -0.3516        0   1.0000        0        0
        0        0        0   1.0000        0
        0        0        0        0   1.0000
 p =  4 q =  4
H_core
  -1.1853e+02  -1.0883e+01   8.4379e+00            0            0
  -1.0883e+01  -2.1049e+02            0            0            0
   8.4379e+00            0  -1.8930e+02            0            0
            0            0            0  -1.8930e+02            0
            0            0            0            0  -1.8930e+02
Iteration: 0
Fa
  -1.1853e+02  -1.0883e+01   8.4379e+00            0            0
  -1.0883e+01  -2.1049e+02            0            0            0
   8.4379e+00            0  -1.8930e+02            0            0
            0            0            0  -1.8930e+02            0
            0            0            0            0  -1.8930e+02
Fb
  -1.1853e+02  -1.0883e+01   8.4379e+00            0            0
  -1.0883e+01  -2.1049e+02            0            0            0
   8.4379e+00            0  -1.8930e+02            0            0
            0            0            0  -1.8930e+02            0
            0            0            0            0  -1.8930e+02
after solving eigen equation: 0
Ca
  -0.1198  -0.1080        0        0  -0.9869
  -0.9918   0.0580        0        0   0.1140
   0.0449   0.9925        0        0  -0.1141
        0        0   1.0000        0        0
        0        0        0   1.0000        0
Cb
  -0.1198  -0.1080        0        0  -0.9869
  -0.9918   0.0580        0        0   0.1140
   0.0449   0.9925        0        0  -0.1141
        0        0   1.0000        0        0
        0        0        0   1.0000        0
 p =  4 q =  4
Pa_new
   0.0260   0.1125  -0.1126        0        0
   0.1125   0.9870   0.0130        0        0
  -0.1126   0.0130   0.9870        0        0
        0        0        0   1.0000        0
        0        0        0        0   1.0000
Pb_new
   0.0260   0.1125  -0.1126        0        0
   0.1125   0.9870   0.0130        0        0
  -0.1126   0.0130   0.9870        0        0
        0        0        0   1.0000        0
        0        0        0        0   1.0000
P_t
   0.0520
   7.9480
Ga
   1.1502e+02  -1.6208e+00   1.6214e+00            0            0
  -1.6208e+00   1.7618e+02  -3.2783e-01            0            0
   1.6214e+00  -3.2783e-01   1.7618e+02            0            0
            0            0            0   1.7585e+02            0
            0            0            0            0   1.7585e+02
Gb
   1.1502e+02  -1.6208e+00   1.6214e+00            0            0
  -1.6208e+00   1.7618e+02  -3.2783e-01            0            0
   1.6214e+00  -3.2783e-01   1.7618e+02            0            0
            0            0            0   1.7585e+02            0
            0            0            0            0   1.7585e+02
Iteration: 1
Fa
   -3.5139  -12.5038   10.0593         0         0
  -12.5038  -34.3073   -0.3278         0         0
   10.0593   -0.3278  -13.1150         0         0
         0         0         0  -13.4430         0
         0         0         0         0  -13.4430
Fb
   -3.5139  -12.5038   10.0593         0         0
  -12.5038  -34.3073   -0.3278         0         0
   10.0593   -0.3278  -13.1150         0         0
         0         0         0  -13.4430         0
         0         0         0         0  -13.4430
after solving eigen equation: 1
Ca
  -0.3604  -0.3865        0        0  -0.8490
  -0.9240   0.2725        0        0   0.2682
   0.1277   0.8811        0        0  -0.4554
        0        0   1.0000        0        0
        0        0        0   1.0000        0
Cb
  -0.3604  -0.3865        0        0  -0.8490
  -0.9240   0.2725        0        0   0.2682
   0.1277   0.8811        0        0  -0.4554
        0        0   1.0000        0        0
        0        0        0   1.0000        0
 p =  4 q =  4
Pa_new
   0.2793   0.2277  -0.3866        0        0
   0.2277   0.9281   0.1221        0        0
  -0.3866   0.1221   0.7926        0        0
        0        0        0   1.0000        0
        0        0        0        0   1.0000
Pb_new
   0.2793   0.2277  -0.3866        0        0
   0.2277   0.9281   0.1221        0        0
  -0.3866   0.1221   0.7926        0        0
        0        0        0   1.0000        0
        0        0        0        0   1.0000
P_t
   0.5586
   7.4414
Ga
   1.1306e+02  -3.2789e+00   5.5677e+00            0            0
  -3.2789e+00   1.7220e+02  -3.0777e+00            0            0
   5.5677e+00  -3.0777e+00   1.7561e+02            0            0
            0            0            0   1.7038e+02            0
            0            0            0            0   1.7038e+02
Gb
   1.1306e+02  -3.2789e+00   5.5677e+00            0            0
  -3.2789e+00   1.7220e+02  -3.0777e+00            0            0
   5.5677e+00  -3.0777e+00   1.7561e+02            0            0
            0            0            0   1.7038e+02            0
            0            0            0            0   1.7038e+02
Iteration: 2
Fa
   -5.4707  -14.1620   14.0056         0         0
  -14.1620  -38.2930   -3.0777         0         0
   14.0056   -3.0777  -13.6876         0         0
         0         0         0  -18.9136         0
         0         0         0         0  -18.9136
Fb
   -5.4707  -14.1620   14.0056         0         0
  -14.1620  -38.2930   -3.0777         0         0
   14.0056   -3.0777  -13.6876         0         0
         0         0         0  -18.9136         0
         0         0         0         0  -18.9136
after solving eigen equation: 2
Ca
  -0.3713  -0.4736        0        0  -0.7986
  -0.9252   0.2613        0        0   0.2752
   0.0783   0.8411        0        0  -0.5352
        0        0   1.0000        0        0
        0        0        0   1.0000        0
Cb
  -0.3713  -0.4736        0        0  -0.7986
  -0.9252   0.2613        0        0   0.2752
   0.0783   0.8411        0        0  -0.5352
        0        0   1.0000        0        0
        0        0        0   1.0000        0
 p =  4 q =  4
Pa_new
   0.3622   0.2198  -0.4274        0        0
   0.2198   0.9243   0.1473        0        0
  -0.4274   0.1473   0.7136        0        0
        0        0        0   1.0000        0
        0        0        0        0   1.0000
Pb_new
   0.3622   0.2198  -0.4274        0        0
   0.2198   0.9243   0.1473        0        0
  -0.4274   0.1473   0.7136        0        0
        0        0        0   1.0000        0
        0        0        0        0   1.0000
P_t
   0.7243
   7.2757
Ga
   1.1242e+02  -3.1652e+00   6.1560e+00            0            0
  -3.1652e+00   1.7050e+02  -3.7117e+00            0            0
   6.1560e+00  -3.7117e+00   1.7581e+02            0            0
            0            0            0   1.6859e+02            0
            0            0            0            0   1.6859e+02
Gb
   1.1242e+02  -3.1652e+00   6.1560e+00            0            0
  -3.1652e+00   1.7050e+02  -3.7117e+00            0            0
   6.1560e+00  -3.7117e+00   1.7581e+02            0            0
            0            0            0   1.6859e+02            0
            0            0            0            0   1.6859e+02
Iteration: 3
Fa
   -6.1110  -14.0482   14.5939         0         0
  -14.0482  -39.9874   -3.7117         0         0
   14.5939   -3.7117  -13.4849         0         0
         0         0         0  -20.7038         0
         0         0         0         0  -20.7038
Fb
   -6.1110  -14.0482   14.5939         0         0
  -14.0482  -39.9874   -3.7117         0         0
   14.5939   -3.7117  -13.4849         0         0
         0         0         0  -20.7038         0
         0         0         0         0  -20.7038
after solving eigen equation: 3
Ca
  -0.3563  -0.5036        0        0  -0.7870
  -0.9328   0.2412        0        0   0.2679
   0.0549   0.8296        0        0  -0.5557
        0        0   1.0000        0        0
        0        0        0   1.0000        0
Cb
  -0.3563  -0.5036        0        0  -0.7870
  -0.9328   0.2412        0        0   0.2679
   0.0549   0.8296        0        0  -0.5557
        0        0   1.0000        0        0
        0        0        0   1.0000        0
 p =  4 q =  4
Pa_new
   0.3806   0.2109  -0.4373        0        0
   0.2109   0.9282   0.1489        0        0
  -0.4373   0.1489   0.6912        0        0
        0        0        0   1.0000        0
        0        0        0        0   1.0000
Pb_new
   0.3806   0.2109  -0.4373        0        0
   0.2109   0.9282   0.1489        0        0
  -0.4373   0.1489   0.6912        0        0
        0        0        0   1.0000        0
        0        0        0        0   1.0000
P_t
   0.7611
   7.2389
Ga
   1.1228e+02  -3.0371e+00   6.2986e+00            0            0
  -3.0371e+00   1.7001e+02  -3.7523e+00            0            0
   6.2986e+00  -3.7523e+00   1.7598e+02            0            0
            0            0            0   1.6820e+02            0
            0            0            0            0   1.6820e+02
Gb
   1.1228e+02  -3.0371e+00   6.2986e+00            0            0
  -3.0371e+00   1.7001e+02  -3.7523e+00            0            0
   6.2986e+00  -3.7523e+00   1.7598e+02            0            0
            0            0            0   1.6820e+02            0
            0            0            0            0   1.6820e+02
Iteration: 4
Fa
   -6.2532  -13.9202   14.7365         0         0
  -13.9202  -40.4840   -3.7523         0         0
   14.7365   -3.7523  -13.3195         0         0
         0         0         0  -21.1013         0
         0         0         0         0  -21.1013
Fb
   -6.2532  -13.9202   14.7365         0         0
  -13.9202  -40.4840   -3.7523         0         0
   14.7365   -3.7523  -13.3195         0         0
         0         0         0  -21.1013         0
         0         0         0         0  -21.1013
after solving eigen equation: 4
Ca
  -0.3510  -0.5120        0        0  -0.7840
  -0.9349   0.2379        0        0   0.2632
   0.0517   0.8254        0        0  -0.5622
        0        0   1.0000        0        0
        0        0        0   1.0000        0
Cb
  -0.3510  -0.5120        0        0  -0.7840
  -0.9349   0.2379        0        0   0.2632
   0.0517   0.8254        0        0  -0.5622
        0        0   1.0000        0        0
        0        0        0   1.0000        0
 p =  4 q =  4
Pa_new
   0.3854   0.2064  -0.4408        0        0
   0.2064   0.9307   0.1480        0        0
  -0.4408   0.1480   0.6839        0        0
        0        0        0   1.0000        0
        0        0        0        0   1.0000
Pb_new
   0.3854   0.2064  -0.4408        0        0
   0.2064   0.9307   0.1480        0        0
  -0.4408   0.1480   0.6839        0        0
        0        0        0   1.0000        0
        0        0        0        0   1.0000
P_t
   0.7707
   7.2293
Ga
   1.1224e+02  -2.9723e+00   6.3478e+00            0            0
  -2.9723e+00   1.6984e+02  -3.7297e+00            0            0
   6.3478e+00  -3.7297e+00   1.7606e+02            0            0
            0            0            0   1.6809e+02            0
            0            0            0            0   1.6809e+02
Gb
   1.1224e+02  -2.9723e+00   6.3478e+00            0            0
  -2.9723e+00   1.6984e+02  -3.7297e+00            0            0
   6.3478e+00  -3.7297e+00   1.7606e+02            0            0
            0            0            0   1.6809e+02            0
            0            0            0            0   1.6809e+02
Iteration: 5
Fa
   -6.2902  -13.8553   14.7857         0         0
  -13.8553  -40.6504   -3.7297         0         0
   14.7857   -3.7297  -13.2393         0         0
         0         0         0  -21.2047         0
         0         0         0         0  -21.2047
Fb
   -6.2902  -13.8553   14.7857         0         0
  -13.8553  -40.6504   -3.7297         0         0
   14.7857   -3.7297  -13.2393         0         0
         0         0         0  -21.2047         0
         0         0         0         0  -21.2047
after solving eigen equation: 5
Ca
  -0.3491  -0.5148        0        0  -0.7830
  -0.9357   0.2375        0        0   0.2610
   0.0516   0.8237        0        0  -0.5646
        0        0   1.0000        0        0
        0        0        0   1.0000        0
Cb
  -0.3491  -0.5148        0        0  -0.7830
  -0.9357   0.2375        0        0   0.2610
   0.0516   0.8237        0        0  -0.5646
        0        0   1.0000        0        0
        0        0        0   1.0000        0
 p =  4 q =  4
Pa_new
   0.3869   0.2043  -0.4421        0        0
   0.2043   0.9319   0.1473        0        0
  -0.4421   0.1473   0.6812        0        0
        0        0        0   1.0000        0
        0        0        0        0   1.0000
Pb_new
   0.3869   0.2043  -0.4421        0        0
   0.2043   0.9319   0.1473        0        0
  -0.4421   0.1473   0.6812        0        0
        0        0        0   1.0000        0
        0        0        0        0   1.0000
P_t
   0.7738
   7.2262
Ga
   1.1223e+02  -2.9430e+00   6.3672e+00            0            0
  -2.9430e+00   1.6978e+02  -3.7135e+00            0            0
   6.3672e+00  -3.7135e+00   1.7609e+02            0            0
            0            0            0   1.6806e+02            0
            0            0            0            0   1.6806e+02
Gb
   1.1223e+02  -2.9430e+00   6.3672e+00            0            0
  -2.9430e+00   1.6978e+02  -3.7135e+00            0            0
   6.3672e+00  -3.7135e+00   1.7609e+02            0            0
            0            0            0   1.6806e+02            0
            0            0            0            0   1.6806e+02
Iteration: 6
Fa
   -6.3021  -13.8260   14.8051         0         0
  -13.8260  -40.7136   -3.7135         0         0
   14.8051   -3.7135  -13.2039         0         0
         0         0         0  -21.2381         0
         0         0         0         0  -21.2381
Fb
   -6.3021  -13.8260   14.8051         0         0
  -13.8260  -40.7136   -3.7135         0         0
   14.8051   -3.7135  -13.2039         0         0
         0         0         0  -21.2381         0
         0         0         0         0  -21.2381
after solving eigen equation: 6
Ca
  -0.3483  -0.5159        0        0  -0.7826
  -0.9359   0.2376        0        0   0.2600
   0.0518   0.8231        0        0  -0.5656
        0        0   1.0000        0        0
        0        0        0   1.0000        0
Cb
  -0.3483  -0.5159        0        0  -0.7826
  -0.9359   0.2376        0        0   0.2600
   0.0518   0.8231        0        0  -0.5656
        0        0   1.0000        0        0
        0        0        0   1.0000        0
 p =  4 q =  4
Pa_new
   0.3875   0.2035  -0.4427        0        0
   0.2035   0.9324   0.1470        0        0
  -0.4427   0.1470   0.6801        0        0
        0        0        0   1.0000        0
        0        0        0        0   1.0000
Pb_new
   0.3875   0.2035  -0.4427        0        0
   0.2035   0.9324   0.1470        0        0
  -0.4427   0.1470   0.6801        0        0
        0        0        0   1.0000        0
        0        0        0        0   1.0000
P_t
   0.7750
   7.2250
Ga
   1.1222e+02  -2.9303e+00   6.3752e+00            0            0
  -2.9303e+00   1.6975e+02  -3.7056e+00            0            0
   6.3752e+00  -3.7056e+00   1.7611e+02            0            0
            0            0            0   1.6805e+02            0
            0            0            0            0   1.6805e+02
Gb
   1.1222e+02  -2.9303e+00   6.3752e+00            0            0
  -2.9303e+00   1.6975e+02  -3.7056e+00            0            0
   6.3752e+00  -3.7056e+00   1.7611e+02            0            0
            0            0            0   1.6805e+02            0
            0            0            0            0   1.6805e+02
Iteration: 7
Fa
   -6.3066  -13.8133   14.8131         0         0
  -13.8133  -40.7394   -3.7056         0         0
   14.8131   -3.7056  -13.1885         0         0
         0         0         0  -21.2506         0
         0         0         0         0  -21.2506
Fb
   -6.3066  -13.8133   14.8131         0         0
  -13.8133  -40.7394   -3.7056         0         0
   14.8131   -3.7056  -13.1885         0         0
         0         0         0  -21.2506         0
         0         0         0         0  -21.2506
after solving eigen equation: 7
Ca
  -0.3480  -0.5163        0        0  -0.7825
  -0.9360   0.2376        0        0   0.2595
   0.0519   0.8228        0        0  -0.5660
        0        0   1.0000        0        0
        0        0        0   1.0000        0
Cb
  -0.3480  -0.5163        0        0  -0.7825
  -0.9360   0.2376        0        0   0.2595
   0.0519   0.8228        0        0  -0.5660
        0        0   1.0000        0        0
        0        0        0   1.0000        0
 p =  4 q =  4
Pa_new
   0.3877   0.2031  -0.4429        0        0
   0.2031   0.9326   0.1469        0        0
  -0.4429   0.1469   0.6796        0        0
        0        0        0   1.0000        0
        0        0        0        0   1.0000
Pb_new
   0.3877   0.2031  -0.4429        0        0
   0.2031   0.9326   0.1469        0        0
  -0.4429   0.1469   0.6796        0        0
        0        0        0   1.0000        0
        0        0        0        0   1.0000
P_t
   0.7754
   7.2246
Ga
   1.1222e+02  -2.9248e+00   6.3785e+00            0            0
  -2.9248e+00   1.6974e+02  -3.7020e+00            0            0
   6.3785e+00  -3.7020e+00   1.7612e+02            0            0
            0            0            0   1.6804e+02            0
            0            0            0            0   1.6804e+02
Gb
   1.1222e+02  -2.9248e+00   6.3785e+00            0            0
  -2.9248e+00   1.6974e+02  -3.7020e+00            0            0
   6.3785e+00  -3.7020e+00   1.7612e+02            0            0
            0            0            0   1.6804e+02            0
            0            0            0            0   1.6804e+02
Iteration: 8
Fa
   -6.3084  -13.8078   14.8164         0         0
  -13.8078  -40.7501   -3.7020         0         0
   14.8164   -3.7020  -13.1820         0         0
         0         0         0  -21.2556         0
         0         0         0         0  -21.2556
Fb
   -6.3084  -13.8078   14.8164         0         0
  -13.8078  -40.7501   -3.7020         0         0
   14.8164   -3.7020  -13.1820         0         0
         0         0         0  -21.2556         0
         0         0         0         0  -21.2556
after solving eigen equation: 8
Ca
  -0.3479  -0.5165        0        0  -0.7824
  -0.9361   0.2376        0        0   0.2593
   0.0520   0.8226        0        0  -0.5662
        0        0   1.0000        0        0
        0        0        0   1.0000        0
Cb
  -0.3479  -0.5165        0        0  -0.7824
  -0.9361   0.2376        0        0   0.2593
   0.0520   0.8226        0        0  -0.5662
        0        0   1.0000        0        0
        0        0        0   1.0000        0
 p =  4 q =  4
Pa_new
   0.3878   0.2029  -0.4430        0        0
   0.2029   0.9327   0.1468        0        0
  -0.4430   0.1468   0.6795        0        0
        0        0        0   1.0000        0
        0        0        0        0   1.0000
Pb_new
   0.3878   0.2029  -0.4430        0        0
   0.2029   0.9327   0.1468        0        0
  -0.4430   0.1468   0.6795        0        0
        0        0        0   1.0000        0
        0        0        0        0   1.0000
P_t
   0.7756
   7.2244
Ga
   1.1222e+02  -2.9224e+00   6.3800e+00            0            0
  -2.9224e+00   1.6973e+02  -3.7005e+00            0            0
   6.3800e+00  -3.7005e+00   1.7612e+02            0            0
            0            0            0   1.6804e+02            0
            0            0            0            0   1.6804e+02
Gb
   1.1222e+02  -2.9224e+00   6.3800e+00            0            0
  -2.9224e+00   1.6973e+02  -3.7005e+00            0            0
   6.3800e+00  -3.7005e+00   1.7612e+02            0            0
            0            0            0   1.6804e+02            0
            0            0            0            0   1.6804e+02
Iteration: 9
Fa
   -6.3092  -13.8055   14.8179         0         0
  -13.8055  -40.7547   -3.7005         0         0
   14.8179   -3.7005  -13.1792         0         0
         0         0         0  -21.2578         0
         0         0         0         0  -21.2578
Fb
   -6.3092  -13.8055   14.8179         0         0
  -13.8055  -40.7547   -3.7005         0         0
   14.8179   -3.7005  -13.1792         0         0
         0         0         0  -21.2578         0
         0         0         0         0  -21.2578
after solving eigen equation: 9
Ca
  -0.3478  -0.5166        0        0  -0.7824
  -0.9361   0.2376        0        0   0.2593
   0.0520   0.8226        0        0  -0.5662
        0        0   1.0000        0        0
        0        0        0   1.0000        0
Cb
  -0.3478  -0.5166        0        0  -0.7824
  -0.9361   0.2376        0        0   0.2593
   0.0520   0.8226        0        0  -0.5662
        0        0   1.0000        0        0
        0        0        0   1.0000        0
 p =  4 q =  4
Pa_new
   0.3878   0.2028  -0.4430        0        0
   0.2028   0.9328   0.1468        0        0
  -0.4430   0.1468   0.6794        0        0
        0        0        0   1.0000        0
        0        0        0        0   1.0000
Pb_new
   0.3878   0.2028  -0.4430        0        0
   0.2028   0.9328   0.1468        0        0
  -0.4430   0.1468   0.6794        0        0
        0        0        0   1.0000        0
        0        0        0        0   1.0000
P_t
   0.7757
   7.2243
Ga
   1.1222e+02  -2.9214e+00   6.3806e+00            0            0
  -2.9214e+00   1.6973e+02  -3.6998e+00            0            0
   6.3806e+00  -3.6998e+00   1.7612e+02            0            0
            0            0            0   1.6804e+02            0
            0            0            0            0   1.6804e+02
Gb
   1.1222e+02  -2.9214e+00   6.3806e+00            0            0
  -2.9214e+00   1.6973e+02  -3.6998e+00            0            0
   6.3806e+00  -3.6998e+00   1.7612e+02            0            0
            0            0            0   1.6804e+02            0
            0            0            0            0   1.6804e+02
Iteration: 10
Fa
   -6.3095  -13.8045   14.8185         0         0
  -13.8045  -40.7566   -3.6998         0         0
   14.8185   -3.6998  -13.1780         0         0
         0         0         0  -21.2586         0
         0         0         0         0  -21.2586
Fb
   -6.3095  -13.8045   14.8185         0         0
  -13.8045  -40.7566   -3.6998         0         0
   14.8185   -3.6998  -13.1780         0         0
         0         0         0  -21.2586         0
         0         0         0         0  -21.2586
after solving eigen equation: 10
Ca
  -0.3478  -0.5166        0        0  -0.7824
  -0.9361   0.2376        0        0   0.2592
   0.0520   0.8226        0        0  -0.5663
        0        0   1.0000        0        0
        0        0        0   1.0000        0
Cb
  -0.3478  -0.5166        0        0  -0.7824
  -0.9361   0.2376        0        0   0.2592
   0.0520   0.8226        0        0  -0.5663
        0        0   1.0000        0        0
        0        0        0   1.0000        0
 p =  4 q =  4
Pa_new
   0.3879   0.2028  -0.4430        0        0
   0.2028   0.9328   0.1468        0        0
  -0.4430   0.1468   0.6793        0        0
        0        0        0   1.0000        0
        0        0        0        0   1.0000
Pb_new
   0.3879   0.2028  -0.4430        0        0
   0.2028   0.9328   0.1468        0        0
  -0.4430   0.1468   0.6793        0        0
        0        0        0   1.0000        0
        0        0        0        0   1.0000
P_t
   0.7757
   7.2243
Ga
   1.1222e+02  -2.9210e+00   6.3808e+00            0            0
  -2.9210e+00   1.6973e+02  -3.6996e+00            0            0
   6.3808e+00  -3.6996e+00   1.7612e+02            0            0
            0            0            0   1.6804e+02            0
            0            0            0            0   1.6804e+02
Gb
   1.1222e+02  -2.9210e+00   6.3808e+00            0            0
  -2.9210e+00   1.6973e+02  -3.6996e+00            0            0
   6.3808e+00  -3.6996e+00   1.7612e+02            0            0
            0            0            0   1.6804e+02            0
            0            0            0            0   1.6804e+02
Iteration: 11
Fa
   -6.3096  -13.8040   14.8187         0         0
  -13.8040  -40.7575   -3.6996         0         0
   14.8187   -3.6996  -13.1775         0         0
         0         0         0  -21.2590         0
         0         0         0         0  -21.2590
Fb
   -6.3096  -13.8040   14.8187         0         0
  -13.8040  -40.7575   -3.6996         0         0
   14.8187   -3.6996  -13.1775         0         0
         0         0         0  -21.2590         0
         0         0         0         0  -21.2590
after solving eigen equation: 11
Ca
  -0.3478  -0.5166        0        0  -0.7824
  -0.9361   0.2377        0        0   0.2592
   0.0520   0.8226        0        0  -0.5663
        0        0   1.0000        0        0
        0        0        0   1.0000        0
Cb
  -0.3478  -0.5166        0        0  -0.7824
  -0.9361   0.2377        0        0   0.2592
   0.0520   0.8226        0        0  -0.5663
        0        0   1.0000        0        0
        0        0        0   1.0000        0
 p =  4 q =  4
Pa_new
   0.3879   0.2028  -0.4431        0        0
   0.2028   0.9328   0.1468        0        0
  -0.4431   0.1468   0.6793        0        0
        0        0        0   1.0000        0
        0        0        0        0   1.0000
Pb_new
   0.3879   0.2028  -0.4431        0        0
   0.2028   0.9328   0.1468        0        0
  -0.4431   0.1468   0.6793        0        0
        0        0        0   1.0000        0
        0        0        0        0   1.0000
P_t
   0.7757
   7.2243
Ga
   1.1222e+02  -2.9208e+00   6.3810e+00            0            0
  -2.9208e+00   1.6973e+02  -3.6994e+00            0            0
   6.3810e+00  -3.6994e+00   1.7612e+02            0            0
            0            0            0   1.6804e+02            0
            0            0            0            0   1.6804e+02
Gb
   1.1222e+02  -2.9208e+00   6.3810e+00            0            0
  -2.9208e+00   1.6973e+02  -3.6994e+00            0            0
   6.3810e+00  -3.6994e+00   1.7612e+02            0            0
            0            0            0   1.6804e+02            0
            0            0            0            0   1.6804e+02
Iteration: 12
Fa
   -6.3097  -13.8039   14.8188         0         0
  -13.8039  -40.7578   -3.6994         0         0
   14.8188   -3.6994  -13.1773         0         0
         0         0         0  -21.2592         0
         0         0         0         0  -21.2592
Fb
   -6.3097  -13.8039   14.8188         0         0
  -13.8039  -40.7578   -3.6994         0         0
   14.8188   -3.6994  -13.1773         0         0
         0         0         0  -21.2592         0
         0         0         0         0  -21.2592
after solving eigen equation: 12
Ca
  -0.3478  -0.5166        0        0  -0.7824
  -0.9361   0.2377        0        0   0.2592
   0.0520   0.8226        0        0  -0.5663
        0        0   1.0000        0        0
        0        0        0   1.0000        0
Cb
  -0.3478  -0.5166        0        0  -0.7824
  -0.9361   0.2377        0        0   0.2592
   0.0520   0.8226        0        0  -0.5663
        0        0   1.0000        0        0
        0        0        0   1.0000        0
 p =  4 q =  4
Ea
  -45.6807
  -23.5536
  -21.2592
  -21.2592
    8.9896
Eb
  -45.6807
  -23.5536
  -21.2592
  -21.2592
    8.9896
Ca
  -0.3478  -0.5166        0        0  -0.7824
  -0.9361   0.2377        0        0   0.2592
   0.0520   0.8226        0        0  -0.5663
        0        0   1.0000        0        0
        0        0        0   1.0000        0
Cb
  -0.3478  -0.5166        0        0  -0.7824
  -0.9361   0.2377        0        0   0.2592
   0.0520   0.8226        0        0  -0.5663
        0        0   1.0000        0        0
        0        0        0   1.0000        0
Nuclear Repulsion Energy is 110.744 eV.
Electron Energy is -873.152 eV.
The molecule in file ../sample_input/HF.txt has energy -762.407508
