gamma
   21.0781   13.5857
   13.5857   22.2373
Overlap
   1.0000e+00   4.6749e-01  -3.8953e-01            0            0
   4.6749e-01   1.0000e+00  -2.2754e-17            0            0
  -3.8953e-01  -2.2754e-17   1.0000e+00            0            0
            0            0            0   1.0000e+00            0
            0            0            0            0   1.0000e+00
 p =  4 q =  3
H_core
  -9.9230e+01  -9.3498e+00   7.7907e+00            0            0
  -9.3498e+00  -1.6128e+02   7.0538e-16            0            0
   7.7907e+00   7.0538e-16  -1.4500e+02            0            0
            0            0            0  -1.4500e+02            0
            0            0            0            0  -1.4500e+02
Iteration: 0
Fa
  -9.9230e+01  -9.3498e+00   7.7907e+00            0            0
  -9.3498e+00  -1.6128e+02   7.0538e-16            0            0
   7.7907e+00   7.0538e-16  -1.4500e+02            0            0
            0            0            0  -1.4500e+02            0
            0            0            0            0  -1.4500e+02
Fb
  -9.9230e+01  -9.3498e+00   7.7907e+00            0            0
  -9.3498e+00  -1.6128e+02   7.0538e-16            0            0
   7.7907e+00   7.0538e-16  -1.4500e+02            0            0
            0            0            0  -1.4500e+02            0
            0            0            0            0  -1.4500e+02
after solving eigen equation: 0
Ca
  -0.1534  -0.1456        0        0  -0.9774
  -0.9859   0.0900        0        0   0.1413
   0.0674   0.9852        0        0  -0.1574
        0        0   1.0000        0        0
        0        0        0   1.0000        0
Cb
  -0.1534  -0.1456        0        0  -0.9774
  -0.9859   0.0900        0        0   0.1413
   0.0674   0.9852        0        0  -0.1574
        0        0   1.0000        0        0
        0        0        0   1.0000        0
 p =  4 q =  3
Pa_new
   0.0447   0.1381  -0.1538        0        0
   0.1381   0.9800   0.0222        0        0
  -0.1538   0.0222   0.9752        0        0
        0        0        0   1.0000        0
        0        0        0        0   1.0000
Pb_new
   0.0447   0.1381  -0.1538        0        0
   0.1381   0.9800   0.0222        0        0
  -0.1538   0.0222   0.9752        0        0
        0        0        0   1.0000        0
        0        0        0        0        0
P_t
   0.0895
   6.9105
Ga
   9.4828e+01  -1.8766e+00   2.0899e+00            0            0
  -1.8766e+00   1.3309e+02  -4.9465e-01            0            0
   2.0899e+00  -4.9465e-01   1.3320e+02            0            0
            0            0            0   1.3265e+02            0
            0            0            0            0   1.3265e+02
Gb
   9.4828e+01  -1.8766e+00   2.0899e+00            0            0
  -1.8766e+00   1.3309e+02  -4.9465e-01            0            0
   2.0899e+00  -4.9465e-01   1.3320e+02            0            0
            0            0            0   1.3265e+02            0
            0            0            0            0   1.5489e+02
Iteration: 1
Fa
   -4.4020  -11.2264    9.8805         0         0
  -11.2264  -28.1872   -0.4946         0         0
    9.8805   -0.4946  -11.8015         0         0
         0         0         0  -12.3523         0
         0         0         0         0  -12.3523
Fb
   -4.4020  -11.2264    9.8805         0         0
  -11.2264  -28.1872   -0.4946         0         0
    9.8805   -0.4946  -11.8015         0         0
         0         0         0  -12.3523         0
         0         0         0         0    9.8850
after solving eigen equation: 1
Ca
  -0.4075  -0.3889        0        0  -0.8262
  -0.8977   0.3366        0        0   0.2844
   0.1675   0.8576        0        0  -0.4863
        0        0   1.0000        0        0
        0        0        0   1.0000        0
Cb
  -0.4075  -0.3889        0  -0.8262        0
  -0.8977   0.3366        0   0.2844        0
   0.1675   0.8576        0  -0.4863        0
        0        0   1.0000        0        0
        0        0        0        0   1.0000
 p =  4 q =  3
Pa_new
   0.3173   0.2350  -0.4018        0        0
   0.2350   0.9191   0.1383        0        0
  -0.4018   0.1383   0.7636        0        0
        0        0        0   1.0000        0
        0        0        0        0   1.0000
Pb_new
   0.3173   0.2350  -0.4018        0        0
   0.2350   0.9191   0.1383        0        0
  -0.4018   0.1383   0.7636        0        0
        0        0        0   1.0000        0
        0        0        0        0        0
P_t
   0.6346
   6.3654
Ga
   9.3167e+01  -3.1922e+00   5.4583e+00            0            0
  -3.1922e+00   1.2973e+02  -3.0750e+00            0            0
   5.4583e+00  -3.0750e+00   1.3319e+02            0            0
            0            0            0   1.2793e+02            0
            0            0            0            0   1.2793e+02
Gb
   9.3167e+01  -3.1922e+00   5.4583e+00            0            0
  -3.1922e+00   1.2973e+02  -3.0750e+00            0            0
   5.4583e+00  -3.0750e+00   1.3319e+02            0            0
            0            0            0   1.2793e+02            0
            0            0            0            0   1.5017e+02
Iteration: 2
Fa
   -6.0628  -12.5419   13.2490         0         0
  -12.5419  -31.5493   -3.0750         0         0
   13.2490   -3.0750  -11.8107         0         0
         0         0         0  -17.0687         0
         0         0         0         0  -17.0687
Fb
   -6.0628  -12.5419   13.2490         0         0
  -12.5419  -31.5493   -3.0750         0         0
   13.2490   -3.0750  -11.8107         0         0
         0         0         0  -17.0687         0
         0         0         0         0    5.1687
after solving eigen equation: 2
Ca
  -0.4136  -0.4752        0        0  -0.7766
  -0.9041   0.3151        0        0   0.2887
   0.1075   0.8215        0        0  -0.5599
        0        0   1.0000        0        0
        0        0        0   1.0000        0
Cb
  -0.4136  -0.4752        0        0  -0.7766
  -0.9041   0.3151        0        0   0.2887
   0.1075   0.8215        0        0  -0.5599
        0        0   1.0000        0        0
        0        0        0   1.0000        0
 p =  4 q =  3
Pa_new
   0.3969   0.2242  -0.4348        0        0
   0.2242   0.9166   0.1617        0        0
  -0.4348   0.1617   0.6865        0        0
        0        0        0   1.0000        0
        0        0        0        0   1.0000
Pb_new
   0.3969   0.2242  -0.4348        0        0
   0.2242   0.9166   0.1617        0        0
  -0.4348   0.1617   0.6865        0        0
        0        0        0   1.0000        0
        0        0        0        0        0
P_t
   0.7937
   6.2063
Ga
   9.2682e+01  -3.0462e+00   5.9077e+00            0            0
  -3.0462e+00   1.2841e+02  -3.5947e+00            0            0
   5.9077e+00  -3.5947e+00   1.3353e+02            0            0
            0            0            0   1.2656e+02            0
            0            0            0            0   1.2656e+02
Gb
   9.2682e+01  -3.0462e+00   5.9077e+00            0            0
  -3.0462e+00   1.2841e+02  -3.5947e+00            0            0
   5.9077e+00  -3.5947e+00   1.3353e+02            0            0
            0            0            0   1.2656e+02            0
            0            0            0            0   1.4879e+02
Iteration: 3
Fa
   -6.5475  -12.3960   13.6983         0         0
  -12.3960  -32.8704   -3.5947         0         0
   13.6983   -3.5947  -11.4735         0         0
         0         0         0  -18.4450         0
         0         0         0         0  -18.4450
Fb
   -6.5475  -12.3960   13.6983         0         0
  -12.3960  -32.8704   -3.5947         0         0
   13.6983   -3.5947  -11.4735         0         0
         0         0         0  -18.4450         0
         0         0         0         0    3.7923
after solving eigen equation: 3
Ca
  -0.3966  -0.5069        0        0  -0.7653
  -0.9144   0.2918        0        0   0.2806
   0.0811   0.8111        0        0  -0.5793
        0        0   1.0000        0        0
        0        0        0   1.0000        0
Cb
  -0.3966  -0.5069        0        0  -0.7653
  -0.9144   0.2918        0        0   0.2806
   0.0811   0.8111        0        0  -0.5793
        0        0   1.0000        0        0
        0        0        0   1.0000        0
 p =  4 q =  3
Pa_new
   0.4143   0.2147  -0.4433        0        0
   0.2147   0.9213   0.1625        0        0
  -0.4433   0.1625   0.6644        0        0
        0        0        0   1.0000        0
        0        0        0        0   1.0000
Pb_new
   0.4143   0.2147  -0.4433        0        0
   0.2147   0.9213   0.1625        0        0
  -0.4433   0.1625   0.6644        0        0
        0        0        0   1.0000        0
        0        0        0        0        0
P_t
   0.8286
   6.1714
Ga
   9.2576e+01  -2.9172e+00   6.0231e+00            0            0
  -2.9172e+00   1.2801e+02  -3.6141e+00            0            0
   6.0231e+00  -3.6141e+00   1.3372e+02            0            0
            0            0            0   1.2626e+02            0
            0            0            0            0   1.2626e+02
Gb
   9.2576e+01  -2.9172e+00   6.0231e+00            0            0
  -2.9172e+00   1.2801e+02  -3.6141e+00            0            0
   6.0231e+00  -3.6141e+00   1.3372e+02            0            0
            0            0            0   1.2626e+02            0
            0            0            0            0   1.4849e+02
Iteration: 4
Fa
   -6.6537  -12.2669   13.8137         0         0
  -12.2669  -33.2750   -3.6141         0         0
   13.8137   -3.6141  -11.2844         0         0
         0         0         0  -18.7465         0
         0         0         0         0  -18.7465
Fb
   -6.6537  -12.2669   13.8137         0         0
  -12.2669  -33.2750   -3.6141         0         0
   13.8137   -3.6141  -11.2844         0         0
         0         0         0  -18.7465         0
         0         0         0         0    3.4908
after solving eigen equation: 4
Ca
  -0.3906  -0.5160        0        0  -0.7623
  -0.9173   0.2878        0        0   0.2752
   0.0773   0.8068        0        0  -0.5858
        0        0   1.0000        0        0
        0        0        0   1.0000        0
Cb
  -0.3906  -0.5160        0        0  -0.7623
  -0.9173   0.2878        0        0   0.2752
   0.0773   0.8068        0        0  -0.5858
        0        0   1.0000        0        0
        0        0        0   1.0000        0
 p =  4 q =  3
Pa_new
   0.4189   0.2098  -0.4465        0        0
   0.2098   0.9242   0.1612        0        0
  -0.4465   0.1612   0.6569        0        0
        0        0        0   1.0000        0
        0        0        0        0   1.0000
Pb_new
   0.4189   0.2098  -0.4465        0        0
   0.2098   0.9242   0.1612        0        0
  -0.4465   0.1612   0.6569        0        0
        0        0        0   1.0000        0
        0        0        0        0        0
P_t
   0.8378
   6.1622
Ga
   9.2548e+01  -2.8506e+00   6.0666e+00            0            0
  -2.8506e+00   1.2786e+02  -3.5854e+00            0            0
   6.0666e+00  -3.5854e+00   1.3381e+02            0            0
            0            0            0   1.2618e+02            0
            0            0            0            0   1.2618e+02
Gb
   9.2548e+01  -2.8506e+00   6.0666e+00            0            0
  -2.8506e+00   1.2786e+02  -3.5854e+00            0            0
   6.0666e+00  -3.5854e+00   1.3381e+02            0            0
            0            0            0   1.2618e+02            0
            0            0            0            0   1.4841e+02
Iteration: 5
Fa
   -6.6818  -12.2003   13.8572         0         0
  -12.2003  -33.4206   -3.5854         0         0
   13.8572   -3.5854  -11.1959         0         0
         0         0         0  -18.8263         0
         0         0         0         0  -18.8263
Fb
   -6.6818  -12.2003   13.8572         0         0
  -12.2003  -33.4206   -3.5854         0         0
   13.8572   -3.5854  -11.1959         0         0
         0         0         0  -18.8263         0
         0         0         0         0    3.4111
after solving eigen equation: 5
Ca
  -0.3884  -0.5192        0        0  -0.7613
  -0.9183   0.2872        0        0   0.2726
   0.0772   0.8049        0        0  -0.5883
        0        0   1.0000        0        0
        0        0        0   1.0000        0
Cb
  -0.3884  -0.5192        0        0  -0.7613
  -0.9183   0.2872        0        0   0.2726
   0.0772   0.8049        0        0  -0.5883
        0        0   1.0000        0        0
        0        0        0   1.0000        0
 p =  4 q =  3
Pa_new
   0.4204   0.2075  -0.4479        0        0
   0.2075   0.9257   0.1604        0        0
  -0.4479   0.1604   0.6538        0        0
        0        0        0   1.0000        0
        0        0        0        0   1.0000
Pb_new
   0.4204   0.2075  -0.4479        0        0
   0.2075   0.9257   0.1604        0        0
  -0.4479   0.1604   0.6538        0        0
        0        0        0   1.0000        0
        0        0        0        0        0
P_t
   0.8409
   6.1591
Ga
   9.2538e+01  -2.8190e+00   6.0851e+00            0            0
  -2.8190e+00   1.2780e+02  -3.5660e+00            0            0
   6.0851e+00  -3.5660e+00   1.3385e+02            0            0
            0            0            0   1.2615e+02            0
            0            0            0            0   1.2615e+02
Gb
   9.2538e+01  -2.8190e+00   6.0851e+00            0            0
  -2.8190e+00   1.2780e+02  -3.5660e+00            0            0
   6.0851e+00  -3.5660e+00   1.3385e+02            0            0
            0            0            0   1.2615e+02            0
            0            0            0            0   1.4839e+02
Iteration: 6
Fa
   -6.6912  -12.1688   13.8757         0         0
  -12.1688  -33.4801   -3.5660         0         0
   13.8757   -3.5660  -11.1555         0         0
         0         0         0  -18.8530         0
         0         0         0         0  -18.8530
Fb
   -6.6912  -12.1688   13.8757         0         0
  -12.1688  -33.4801   -3.5660         0         0
   13.8757   -3.5660  -11.1555         0         0
         0         0         0  -18.8530         0
         0         0         0         0    3.3843
after solving eigen equation: 6
Ca
  -0.3875  -0.5205        0        0  -0.7609
  -0.9186   0.2872        0        0   0.2713
   0.0773   0.8041        0        0  -0.5895
        0        0   1.0000        0        0
        0        0        0   1.0000        0
Cb
  -0.3875  -0.5205        0        0  -0.7609
  -0.9186   0.2872        0        0   0.2713
   0.0773   0.8041        0        0  -0.5895
        0        0   1.0000        0        0
        0        0        0   1.0000        0
 p =  4 q =  3
Pa_new
   0.4211   0.2064  -0.4485        0        0
   0.2064   0.9264   0.1599        0        0
  -0.4485   0.1599   0.6525        0        0
        0        0        0   1.0000        0
        0        0        0        0   1.0000
Pb_new
   0.4211   0.2064  -0.4485        0        0
   0.2064   0.9264   0.1599        0        0
  -0.4485   0.1599   0.6525        0        0
        0        0        0   1.0000        0
        0        0        0        0        0
P_t
   0.8421
   6.1579
Ga
   9.2535e+01  -2.8044e+00   6.0933e+00            0            0
  -2.8044e+00   1.2778e+02  -3.5561e+00            0            0
   6.0933e+00  -3.5561e+00   1.3386e+02            0            0
            0            0            0   1.2614e+02            0
            0            0            0            0   1.2614e+02
Gb
   9.2535e+01  -2.8044e+00   6.0933e+00            0            0
  -2.8044e+00   1.2778e+02  -3.5561e+00            0            0
   6.0933e+00  -3.5561e+00   1.3386e+02            0            0
            0            0            0   1.2614e+02            0
            0            0            0            0   1.4838e+02
Iteration: 7
Fa
   -6.6949  -12.1542   13.8839         0         0
  -12.1542  -33.5060   -3.5561         0         0
   13.8839   -3.5561  -11.1372         0         0
         0         0         0  -18.8636         0
         0         0         0         0  -18.8636
Fb
   -6.6949  -12.1542   13.8839         0         0
  -12.1542  -33.5060   -3.5561         0         0
   13.8839   -3.5561  -11.1372         0         0
         0         0         0  -18.8636         0
         0         0         0         0    3.3737
after solving eigen equation: 7
Ca
  -0.3871  -0.5211        0        0  -0.7607
  -0.9188   0.2873        0        0   0.2707
   0.0775   0.8037        0        0  -0.5899
        0        0   1.0000        0        0
        0        0        0   1.0000        0
Cb
  -0.3871  -0.5211        0        0  -0.7607
  -0.9188   0.2873        0        0   0.2707
   0.0775   0.8037        0        0  -0.5899
        0        0   1.0000        0        0
        0        0        0   1.0000        0
 p =  4 q =  3
Pa_new
   0.4213   0.2059  -0.4488        0        0
   0.2059   0.9267   0.1597        0        0
  -0.4488   0.1597   0.6520        0        0
        0        0        0   1.0000        0
        0        0        0        0   1.0000
Pb_new
   0.4213   0.2059  -0.4488        0        0
   0.2059   0.9267   0.1597        0        0
  -0.4488   0.1597   0.6520        0        0
        0        0        0   1.0000        0
        0        0        0        0        0
P_t
   0.8426
   6.1574
Ga
   9.2533e+01  -2.7978e+00   6.0970e+00            0            0
  -2.7978e+00   1.2776e+02  -3.5514e+00            0            0
   6.0970e+00  -3.5514e+00   1.3387e+02            0            0
            0            0            0   1.2613e+02            0
            0            0            0            0   1.2613e+02
Gb
   9.2533e+01  -2.7978e+00   6.0970e+00            0            0
  -2.7978e+00   1.2776e+02  -3.5514e+00            0            0
   6.0970e+00  -3.5514e+00   1.3387e+02            0            0
            0            0            0   1.2613e+02            0
            0            0            0            0   1.4837e+02
Iteration: 8
Fa
   -6.6966  -12.1475   13.8876         0         0
  -12.1475  -33.5175   -3.5514         0         0
   13.8876   -3.5514  -11.1289         0         0
         0         0         0  -18.8682         0
         0         0         0         0  -18.8682
Fb
   -6.6966  -12.1475   13.8876         0         0
  -12.1475  -33.5175   -3.5514         0         0
   13.8876   -3.5514  -11.1289         0         0
         0         0         0  -18.8682         0
         0         0         0         0    3.3691
after solving eigen equation: 8
Ca
  -0.3869  -0.5213        0        0  -0.7606
  -0.9189   0.2873        0        0   0.2704
   0.0775   0.8036        0        0  -0.5902
        0        0   1.0000        0        0
        0        0        0   1.0000        0
Cb
  -0.3869  -0.5213        0        0  -0.7606
  -0.9189   0.2873        0        0   0.2704
   0.0775   0.8036        0        0  -0.5902
        0        0   1.0000        0        0
        0        0        0   1.0000        0
 p =  4 q =  3
Pa_new
   0.4214   0.2057  -0.4489        0        0
   0.2057   0.9269   0.1596        0        0
  -0.4489   0.1596   0.6517        0        0
        0        0        0   1.0000        0
        0        0        0        0   1.0000
Pb_new
   0.4214   0.2057  -0.4489        0        0
   0.2057   0.9269   0.1596        0        0
  -0.4489   0.1596   0.6517        0        0
        0        0        0   1.0000        0
        0        0        0        0        0
P_t
   0.8429
   6.1571
Ga
   9.2532e+01  -2.7947e+00   6.0986e+00            0            0
  -2.7947e+00   1.2776e+02  -3.5492e+00            0            0
   6.0986e+00  -3.5492e+00   1.3388e+02            0            0
            0            0            0   1.2613e+02            0
            0            0            0            0   1.2613e+02
Gb
   9.2532e+01  -2.7947e+00   6.0986e+00            0            0
  -2.7947e+00   1.2776e+02  -3.5492e+00            0            0
   6.0986e+00  -3.5492e+00   1.3388e+02            0            0
            0            0            0   1.2613e+02            0
            0            0            0            0   1.4837e+02
Iteration: 9
Fa
   -6.6973  -12.1445   13.8893         0         0
  -12.1445  -33.5228   -3.5492         0         0
   13.8893   -3.5492  -11.1251         0         0
         0         0         0  -18.8702         0
         0         0         0         0  -18.8702
Fb
   -6.6973  -12.1445   13.8893         0         0
  -12.1445  -33.5228   -3.5492         0         0
   13.8893   -3.5492  -11.1251         0         0
         0         0         0  -18.8702         0
         0         0         0         0    3.3671
after solving eigen equation: 9
Ca
  -0.3868  -0.5214        0        0  -0.7606
  -0.9189   0.2873        0        0   0.2703
   0.0776   0.8035        0        0  -0.5903
        0        0   1.0000        0        0
        0        0        0   1.0000        0
Cb
  -0.3868  -0.5214        0        0  -0.7606
  -0.9189   0.2873        0        0   0.2703
   0.0776   0.8035        0        0  -0.5903
        0        0   1.0000        0        0
        0        0        0   1.0000        0
 p =  4 q =  3
Pa_new
   0.4215   0.2056  -0.4490        0        0
   0.2056   0.9269   0.1596        0        0
  -0.4490   0.1596   0.6516        0        0
        0        0        0   1.0000        0
        0        0        0        0   1.0000
Pb_new
   0.4215   0.2056  -0.4490        0        0
   0.2056   0.9269   0.1596        0        0
  -0.4490   0.1596   0.6516        0        0
        0        0        0   1.0000        0
        0        0        0        0        0
P_t
   0.8430
   6.1570
Ga
   9.2532e+01  -2.7933e+00   6.0994e+00            0            0
  -2.7933e+00   1.2776e+02  -3.5482e+00            0            0
   6.0994e+00  -3.5482e+00   1.3388e+02            0            0
            0            0            0   1.2613e+02            0
            0            0            0            0   1.2613e+02
Gb
   9.2532e+01  -2.7933e+00   6.0994e+00            0            0
  -2.7933e+00   1.2776e+02  -3.5482e+00            0            0
   6.0994e+00  -3.5482e+00   1.3388e+02            0            0
            0            0            0   1.2613e+02            0
            0            0            0            0   1.4837e+02
Iteration: 10
Fa
   -6.6976  -12.1431   13.8900         0         0
  -12.1431  -33.5251   -3.5482         0         0
   13.8900   -3.5482  -11.1234         0         0
         0         0         0  -18.8711         0
         0         0         0         0  -18.8711
Fb
   -6.6976  -12.1431   13.8900         0         0
  -12.1431  -33.5251   -3.5482         0         0
   13.8900   -3.5482  -11.1234         0         0
         0         0         0  -18.8711         0
         0         0         0         0    3.3662
after solving eigen equation: 10
Ca
  -0.3867  -0.5215        0        0  -0.7606
  -0.9189   0.2873        0        0   0.2703
   0.0776   0.8034        0        0  -0.5903
        0        0   1.0000        0        0
        0        0        0   1.0000        0
Cb
  -0.3867  -0.5215        0        0  -0.7606
  -0.9189   0.2873        0        0   0.2703
   0.0776   0.8034        0        0  -0.5903
        0        0   1.0000        0        0
        0        0        0   1.0000        0
 p =  4 q =  3
Pa_new
   0.4215   0.2056  -0.4490        0        0
   0.2056   0.9270   0.1595        0        0
  -0.4490   0.1595   0.6515        0        0
        0        0        0   1.0000        0
        0        0        0        0   1.0000
Pb_new
   0.4215   0.2056  -0.4490        0        0
   0.2056   0.9270   0.1595        0        0
  -0.4490   0.1595   0.6515        0        0
        0        0        0   1.0000        0
        0        0        0        0        0
P_t
   0.8430
   6.1570
Ga
   9.2532e+01  -2.7927e+00   6.0997e+00            0            0
  -2.7927e+00   1.2775e+02  -3.5478e+00            0            0
   6.0997e+00  -3.5478e+00   1.3388e+02            0            0
            0            0            0   1.2613e+02            0
            0            0            0            0   1.2613e+02
Gb
   9.2532e+01  -2.7927e+00   6.0997e+00            0            0
  -2.7927e+00   1.2775e+02  -3.5478e+00            0            0
   6.0997e+00  -3.5478e+00   1.3388e+02            0            0
            0            0            0   1.2613e+02            0
            0            0            0            0   1.4837e+02
Iteration: 11
Fa
   -6.6977  -12.1425   13.8904         0         0
  -12.1425  -33.5262   -3.5478         0         0
   13.8904   -3.5478  -11.1226         0         0
         0         0         0  -18.8715         0
         0         0         0         0  -18.8715
Fb
   -6.6977  -12.1425   13.8904         0         0
  -12.1425  -33.5262   -3.5478         0         0
   13.8904   -3.5478  -11.1226         0         0
         0         0         0  -18.8715         0
         0         0         0         0    3.3658
after solving eigen equation: 11
Ca
  -0.3867  -0.5215        0        0  -0.7606
  -0.9189   0.2873        0        0   0.2702
   0.0776   0.8034        0        0  -0.5903
        0        0   1.0000        0        0
        0        0        0   1.0000        0
Cb
  -0.3867  -0.5215        0        0  -0.7606
  -0.9189   0.2873        0        0   0.2702
   0.0776   0.8034        0        0  -0.5903
        0        0   1.0000        0        0
        0        0        0   1.0000        0
 p =  4 q =  3
Pa_new
   0.4215   0.2055  -0.4490        0        0
   0.2055   0.9270   0.1595        0        0
  -0.4490   0.1595   0.6515        0        0
        0        0        0   1.0000        0
        0        0        0        0   1.0000
Pb_new
   0.4215   0.2055  -0.4490        0        0
   0.2055   0.9270   0.1595        0        0
  -0.4490   0.1595   0.6515        0        0
        0        0        0   1.0000        0
        0        0        0        0        0
P_t
   0.8430
   6.1570
Ga
   9.2532e+01  -2.7924e+00   6.0999e+00            0            0
  -2.7924e+00   1.2775e+02  -3.5476e+00            0            0
   6.0999e+00  -3.5476e+00   1.3388e+02            0            0
            0            0            0   1.2613e+02            0
            0            0            0            0   1.2613e+02
Gb
   9.2532e+01  -2.7924e+00   6.0999e+00            0            0
  -2.7924e+00   1.2775e+02  -3.5476e+00            0            0
   6.0999e+00  -3.5476e+00   1.3388e+02            0            0
            0            0            0   1.2613e+02            0
            0            0            0            0   1.4837e+02
Iteration: 12
Fa
   -6.6978  -12.1422   13.8905         0         0
  -12.1422  -33.5267   -3.5476         0         0
   13.8905   -3.5476  -11.1222         0         0
         0         0         0  -18.8717         0
         0         0         0         0  -18.8717
Fb
   -6.6978  -12.1422   13.8905         0         0
  -12.1422  -33.5267   -3.5476         0         0
   13.8905   -3.5476  -11.1222         0         0
         0         0         0  -18.8717         0
         0         0         0         0    3.3656
after solving eigen equation: 12
Ca
  -0.3867  -0.5215        0        0  -0.7606
  -0.9189   0.2873        0        0   0.2702
   0.0776   0.8034        0        0  -0.5903
        0        0   1.0000        0        0
        0        0        0   1.0000        0
Cb
  -0.3867  -0.5215        0        0  -0.7606
  -0.9189   0.2873        0        0   0.2702
   0.0776   0.8034        0        0  -0.5903
        0        0   1.0000        0        0
        0        0        0   1.0000        0
 p =  4 q =  3
Pa_new
   0.4215   0.2055  -0.4490        0        0
   0.2055   0.9270   0.1595        0        0
  -0.4490   0.1595   0.6515        0        0
        0        0        0   1.0000        0
        0        0        0        0   1.0000
Pb_new
   0.4215   0.2055  -0.4490        0        0
   0.2055   0.9270   0.1595        0        0
  -0.4490   0.1595   0.6515        0        0
        0        0        0   1.0000        0
        0        0        0        0        0
P_t
   0.8431
   6.1569
Ga
   9.2532e+01  -2.7923e+00   6.1000e+00            0            0
  -2.7923e+00   1.2775e+02  -3.5475e+00            0            0
   6.1000e+00  -3.5475e+00   1.3388e+02            0            0
            0            0            0   1.2613e+02            0
            0            0            0            0   1.2613e+02
Gb
   9.2532e+01  -2.7923e+00   6.1000e+00            0            0
  -2.7923e+00   1.2775e+02  -3.5475e+00            0            0
   6.1000e+00  -3.5475e+00   1.3388e+02            0            0
            0            0            0   1.2613e+02            0
            0            0            0            0   1.4837e+02
Iteration: 13
Fa
   -6.6978  -12.1421   13.8906         0         0
  -12.1421  -33.5269   -3.5475         0         0
   13.8906   -3.5475  -11.1221         0         0
         0         0         0  -18.8718         0
         0         0         0         0  -18.8718
Fb
   -6.6978  -12.1421   13.8906         0         0
  -12.1421  -33.5269   -3.5475         0         0
   13.8906   -3.5475  -11.1221         0         0
         0         0         0  -18.8718         0
         0         0         0         0    3.3655
after solving eigen equation: 13
Ca
  -0.3867  -0.5215        0        0  -0.7606
  -0.9189   0.2873        0        0   0.2702
   0.0776   0.8034        0        0  -0.5903
        0        0   1.0000        0        0
        0        0        0   1.0000        0
Cb
  -0.3867  -0.5215        0        0  -0.7606
  -0.9189   0.2873        0        0   0.2702
   0.0776   0.8034        0        0  -0.5903
        0        0   1.0000        0        0
        0        0        0   1.0000        0
 p =  4 q =  3
Ea
  -38.3372
  -21.4075
  -18.8718
  -18.8718
    8.3978
Eb
  -38.3372
  -21.4075
  -18.8718
    3.3655
    8.3978
Ca
  -0.3867  -0.5215        0        0  -0.7606
  -0.9189   0.2873        0        0   0.2702
   0.0776   0.8034        0        0  -0.5903
        0        0   1.0000        0        0
        0        0        0   1.0000        0
Cb
  -0.3867  -0.5215        0        0  -0.7606
  -0.9189   0.2873        0        0   0.2702
   0.0776   0.8034        0        0  -0.5903
        0        0   1.0000        0        0
        0        0        0   1.0000        0
Nuclear Repulsion Energy is 89.2177 eV.
Electron Energy is -602.195 eV.
The molecule in file ../sample_input/HO.txt has energy -512.976949
